#
# Correct file
#
399
    36 83 1
36 75 1
37 68 1
39 62 1
42 57 1
44 51 1
46 45 1
50 42 1
56 38 1
61 35 1
64 29 1
66 23 1
72 20 1
81 18 1
91 18 1
100 18 1
111 18 1
117 22 1
125 27 1
130 32 1
135 36 1
139 39 1
146 44 1
151 51 1
154 56 1
157 62 1
72 32 1
77 33 1
86 35 1
94 37 1
102 38 1
110 41 1
120 44 1
129 48 1
135 52 1
144 57 1
149 62 1
74 25 1
79 23 1
81 27 1
90 22 1
88 29 1
98 24 1
99 31 1
108 25 1
109 32 1
94 29 1
87 25 1
114 28 1
104 29 1
113 38 1
117 32 1
121 34 1
125 32 1
122 40 1
130 38 1
133 43 1
141 47 1
129 43 1
144 51 1
146 50 1
134 47 1
139 42 1
107 36 1
103 31 1
104 21 1
93 33 1
83 30 1
73 28 1
85 22 1
49 46 1
42 51 1
39 57 1
36 69 1
33 80 1
35 88 1
149 68 1
148 75 1
147 79 1
147 98 1
151 84 1
147 90 1
146 83 1
146 95 1
145 104 1
144 108 1
143 115 1
151 104 1
154 101 1
159 99 1
159 93 1
159 91 1
160 82 1
159 79 1
159 72 1
158 66 1
161 83 1
154 74 1
154 71 1
154 80 1
159 75 1
151 91 1
158 84 1
155 87 1
153 95 1
40 98 1
43 92 1
45 89 1
49 89 1
54 90 1
59 92 1
62 94 1
52 90 1
46 92 1
41 95 1
99 98 1
105 97 1
109 96 1
114 96 1
119 96 1
123 99 1
125 102 1
113 97 1
119 98 1
49 104 1
53 100 1
57 99 1
62 101 1
66 103 1
66 108 1
60 102 1
59 105 1
62 106 1
52 108 1
56 109 1
61 109 1
100 109 1
106 105 1
110 104 1
115 106 1
120 108 1
109 108 1
111 110 1
113 108 1
105 115 1
113 115 1
118 112 1
75 105 1
76 116 1
74 127 1
72 135 1
77 141 1
82 142 1
88 137 1
90 138 1
96 132 1
101 138 1
108 144 1
114 148 1
68 132 1
63 136 1
57 139 1
54 146 1
114 153 1
113 160 1
37 94 1
37 100 1
38 109 1
38 118 1
38 124 1
39 135 1
40 140 1
42 150 1
45 156 1
36 104 1
32 104 1
33 112 1
34 120 1
34 128 1
33 133 1
33 136 1
47 159 1
50 166 1
53 171 1
55 180 1
56 187 1
60 193 1
65 194 1
73 197 1
83 198 1
89 199 1
97 196 1
103 192 1
109 187 1
112 183 1
119 176 1
122 173 1
142 140 1
139 147 1
137 153 1
135 163 1
135 166 1
134 171 1
134 180 1
133 187 1
134 192 1
54 190 1
53 199 1
53 204 1
53 212 1
53 222 1
143 142 1
146 144 1
153 142 1
157 138 1
160 134 1
163 127 1
163 112 1
159 104 1
163 118 1
152 119 1
153 123 1
154 127 1
151 129 1
147 132 1
164 123 1
87 113 1
87 118 1
86 123 1
61 151 1
62 154 1
64 155 1
62 152 1
66 152 1
70 153 1
77 154 1
81 154 1
83 154 1
91 153 1
96 154 1
100 155 1
103 155 1
107 154 1
102 156 1
101 158 1
67 159 1
71 163 1
76 164 1
80 165 1
88 165 1
96 162 1
99 160 1
75 169 1
79 172 1
86 172 1
89 170 1
91 101 1
94 100 1
92 105 1
68 98 1
72 103 1
142 71 1
135 78 1
142 81 1
136 91 1
140 93 1
135 104 1
143 110 1
115 167 1
111 174 1
138 133 1
131 142 1
135 143 1
127 156 1
132 160 1
124 165 1
75 202 1
82 205 1
89 203 1
93 201 1
75 205 1
79 212 1
85 211 1
91 207 1
65 197 1
69 205 1
128 178 1
124 186 1
122 197 1
134 197 1
127 205 1
123 209 1
119 213 1
115 217 1
109 224 1
105 227 1
99 233 1
93 238 1
90 242 1
51 220 1
53 227 1
56 234 1
68 240 1
82 243 1
87 244 1
142 191 1
145 196 1
149 202 1
152 206 1
157 208 1
161 207 1
159 214 1
155 219 1
149 223 1
145 226 1
138 232 1
119 217 1
123 226 1
125 233 1
127 236 1
154 208 1
147 217 1
145 220 1
139 226 1
133 234 1
131 236 1
96 243 1
104 244 1
110 244 1
119 241 1
126 238 1
49 193 1
43 203 1
42 208 1
37 217 1
35 222 1
34 233 1
34 236 1
34 238 1
38 228 1
39 212 1
41 227 1
42 231 1
46 236 1
49 239 1
56 240 1
62 242 1
37 206 1
31 210 1
23 214 1
17 216 1
13 218 1
7 219 1
4 222 1
167 208 1 
174 211 1
181 215 1
183 215 1
60 33 1
55 36 1
51 41 1
49 44 1
42 52 1
40 57 1
37 63 1
37 67 1
36 74 1
34 80 1
34 85 1
64 30 1
67 27 1
69 21 1
99 24 1
105 23 1
112 22 1
116 26 1
87 28 1
97 20 1
105 17 1
96 18 1
88 21 1
116 30 1
115 37 1
125 32 1
131 38 1
137 41 1
142 49 1
152 56 1
122 40 1
149 59 1
151 64 1
147 68 1
155 66 1
156 62 1
155 55 1
149 51 1
146 45 1
137 38 1
133 34 1
4
    50. 200. 7 99 1 0 0 5
        1.56 39
        0 29
        -1.56 28
        3.14 28
        -0.75 28
    98 200 18 98 1 0 0 3
        1.56 39
        -0.99 37
        1.56 39
    120 200 14 96 1 0 0 3
        0.99 39
        -0.99 39
        2.58 30
    176 200 18 97 1 0 0 3
        1.56 39
        -0.99 37
        1.56 39
1
    90. 220. 1 9 0 
