  996
  34  68 8
  38  70 8
  40  71 8
  42  74 8
  45  74 8
  46  76 8
  33  68 8
  35  70 8
  38  71 8
  40  71 8
  43  74 8
  46  75 8
  47  76 8
  50  76 8
  52  77 8
  55  76 8
  58  75 8
  60  76 8
  63  76 8
  65  75 8
  67  77 8
  69  78 8
  72  80 8
  74  81 8
  76  83 8
  79  85 8
  81  87 8
  82  88 8
  83  90 8
  85  92 8
  85  93 8
  88  94 8
  170  91 8
  171  90 8
  173  86 8
  175  85 8
  174  84 8
  176  82 8
  176  81 8
  178  81 8
  180  79 8
  181  78 8
  183  77 8
  184  76 8
  186  74 8
  187  72 8
  188  71 8
  191  70 8
  193  69 8
  196  68 8
  198  67 8
  199  66 8
  202  65 8
  206  64 8
  208  62 8
  211  62 8
  213  61 8
  216  60 8
  220  59 8
  223  58 8
  224  57 8
  224  56 8
  172  88 8
  171  89 8
  170  88 8
  169  84 8
  169  81 8
  170  78 8
  171  76 8
  173  73 8
  173  71 8
  174  68 8
  173  66 8
  173  64 8
  173  62 8
  172  60 8
  171  58 8
  170  55 8
  170  52 8
  169  49 8
  169  47 8
  168  46 8
  169  43 8
  168  41 8
  167  38 8
  166  36 8
  165  33 8
  164  31 8
  164  29 8
  164  27 8
  164  23 8
  162  20 8
  160  17 8
  159  14 8
  158  11 8
  157  8 8
  157  4 8
  157  3 8
  91  3 8
  90  6 8
  88  9 8
  90  9 8
  88  13 8
  88  15 8
  88  17 8
  88  20 8
  86  25 8
  87  28 8
  85  32 8
  85  35 8
  85  39 8
  85  40 8
  84  45 8
  84  47 8
  82  50 8
  84  52 8
  84  57 8
  85  60 8
  85  64 8
  84  67 8
  84  69 8
  84  72 8
  85  76 8
  86  81 8
  88  83 8
  89  86 8
  91  87 8
  119  133 8
  121  135 8
  122  135 8
  125  136 8
  126  135 8
  127  135 8
  128  134 8
  131  134 8
  131  136 8
  134  136 8
  135  137 8
  137  136 8
  139  135 8
  142  132 8
  142  131 8
  140  131 8
  137  131 8
  135  131 8
  133  130 8
  133  129 8
  131  128 8
  130  130 8
  128  131 8
  127  131 8
  125  131 8
  122  130 8
  119  132 8
  121  132 8
  125  132 8
  122  133 8
  127  132 8
  131  132 8
  129  132 8
  124  135 8
  132  132 8
  133  133 8
  136  135 8
  139  135 8
  141  133 8
  136  134 8
  139  132 8
  139  133 8
  134  133 8
  124  132 8
  148  216 8
  145  217 8
  139  219 8
  136  219 8
  133  219 8
  129  219 8
  126  219 8
  125  218 8
  121  217 8
  117  216 8
  115  215 8
  114  214 8
  110  213 8
  107  212 8
  103  211 8
  100  210 8
  99  208 8
  96  206 8
  95  204 8
  94  202 8
  92  199 8
  93  195 8
  91  193 8
  91  191 8
  88  185 8
  87  181 8
  86  179 8
  86  176 8
  87  172 8
  87  167 8
  88  165 8
  87  170 8
  86  160 8
  87  155 8
  86  151 8
  86  147 8
  86  148 8
  83  151 8
  81  151 8
  78  152 8
  77  148 8
  78  150 8
  79  155 8
  79  157 8
  80  161 8
  81  165 8
  81  168 8
  81  172 8
  82  175 8
  82  179 8
  83  182 8
  83  185 8
  84  188 8
  84  191 8
  85  193 8
  85  196 8
  85  199 8
  87  202 8
  91  204 8
  91  207 8
  94  210 8
  95  213 8
  98  214 8
  102  216 8
  104  219 8
  105  220 8
  102  220 8
  100  216 8
  96  212 8
  93  209 8
  94  206 8
  91  206 8
  91  204 8
  88  201 8
  87  198 8
  88  198 8
  87  196 8
  86  195 8
  90  199 8
  89  195 8
  87  195 8
  88  194 8
  87  188 8
  86  190 8
  86  188 8
  88  190 8
  86  189 8
  86  184 8
  85  180 8
  85  180 8
  85  184 8
  86  175 8
  84  175 8
  83  172 8
  85  173 8
  82  170 8
  84  169 8
  84  168 8
  85  166 8
  84  164 8
  82  164 8
  85  162 8
  85  161 8
  82  161 8
  82  160 8
  84  157 8
  84  156 8
  82  155 8
  84  153 8
  86  152 8
  83  154 8
  80  155 8
  81  159 8
  85  158 8
  83  160 8
  82  164 8
  172  191 8
  170  193 8
  174  192 8
  176  188 8
  175  185 8
  177  179 8
  177  178 8
  174  190 8
  176  181 8
  178  182 8
  175  181 8
  173  188 8
  170  190 8
  171  182 8
  173  176 8
  174  172 8
  174  171 8
  175  167 8
  175  162 8
  176  160 8
  176  159 8
  176  154 8
  176  162 8
  178  162 8
  180  161 8
  178  160 8
  178  165 8
  177  170 8
  178  176 8
  177  178 8
  179  170 8
  180  167 8
  180  163 8
  180  170 8
  179  176 8
  177  173 8
  176  168 8
  174  164 8
  175  163 8
  179  174 8
  177  173 8
  173  175 8
  173  180 8
  177  179 8
  173  183 8
  170  186 8
  176  184 8
  176  187 8
  174  191 8
  173  195 8
  171  200 8
  168  204 8
  166  205 8
  168  198 8
  170  196 8
  168  200 8
  167  202 8
  166  207 8
  167  204 8
  170  202 8
  172  199 8
  174  197 8
  175  195 8
  177  191 8
  174  197 8
  173  202 8
  171  204 8
  170  207 8
  167  210 8
  162  215 8
  158  218 8
  156  218 8
  153  219 8
  160  212 8
  162  210 8
  165  207 8
  158  213 8
  160  211 8
  165  207 8
  160  211 8
  155  214 8
  153  214 8
  150  215 8
  148  216 8
  148  219 8
  150  219 8
  154  217 8
  157  215 8
  162  213 8
  164  213 8
  164  213 8
  163  214 8
  160  218 8
  157  219 8
  152  223 8
  155  222 8
  164  215 8
  167  210 8
  158  217 8
  152  220 8
  146  221 8
  145  221 8
  137  223 8
  133  226 8
  130  227 8
  129  224 8
  119  224 8
  140  225 8
  125  223 8
  143  224 8
  122  228 8
  145  223 8
  124  229 8
  150  225 8
  125  229 8
  141  226 8
  124  227 8
  137  228 8
  119  223 8
  132  230 8
  117  220 8
  136  228 8
  120  220 8
  133  223 8
  119  222 8
  133  223 8
  115  228 8
  129  230 8
  114  222 8
  112  223 8
  114  217 8
  107  217 8
  109  222 8
  111  219 8
  111  216 8
  111  219 8
  110  214 8
  109  218 8
  106  215 8
  106  216 8
  110  222 8
  105  215 8
  104  215 8
  100  213 8
  101  213 8
  108  220 8
  109  218 8
  115  219 8
  117  219 8
  119  220 8
  116  227 8
  120  229 8
  120  226 8
  117  225 8
  115  229 8
  112  223 8
  113  226 8
  109  225 8
  107  223 8
  104  222 8
  124  229 8
  121  223 8
  124  226 8
  125  226 8
  122  221 8
  124  225 8
  127  225 8
  129  226 8
  129  223 8
  130  222 8
  135  228 8
  137  223 8
  139  221 8
  143  219 8
  141  223 8
  139  228 8
  140  228 8
  144  227 8
  147  224 8
  150  221 8
  153  221 8
  157  220 8
  161  216 8
  163  214 8
  157  220 8
  154  223 8
  149  226 8
  147  227 8
  143  229 8
  140  230 8
  137  231 8
  134  231 8
  131  232 8
  127  232 8
  124  231 8
  120  230 8
  116  229 8
  112  226 8
  109  223 8
  106  222 8
  103  220 8
  98  216 8
  96  214 8
  94  212 8
  92  210 8
  101  219 8
  101  217 8
  103  216 8
  105  213 8
  109  222 8
  113  220 8
  118  224 8
  121  225 8
  132  227 8
  135  227 8
  136  223 8
  133  220 8
  137  221 8
  147  223 8
  152  224 8
  159  220 8
  163  215 8
  166  212 8
  166  209 8
  163  211 8
  165  209 8
  169  206 8
  165  211 8
  77  145 8
  78  142 8
  79  139 8
  80  137 8
  81  134 8
  82  131 8
  82  129 8
  82  127 8
  82  124 8
  83  121 8
  84  118 8
  87  116 8
  86  119 8
  85  142 8
  84  140 8
  85  136 8
  85  141 8
  85  145 8
  86  137 8
  87  133 8
  87  130 8
  88  126 8
  88  123 8
  89  119 8
  90  115 8
  91  111 8
  92  106 8
  92  102 8
  91  99 8
  91  94 8
  91  91 8
  90  89 8
  90  88 8
  91  101 8
  92  107 8
  175  149 8
  178  155 8
  180  156 8
  183  154 8
  183  149 8
  184  142 8
  183  139 8
  182  136 8
  182  134 8
  182  127 8
  180  123 8
  176  120 8
  175  121 8
  177  146 8
  178  146 8
  180  145 8
  177  142 8
  175  145 8
  176  138 8
  182  158 8
  184  153 8
  185  149 8
  185  145 8
  141  167 8
  139  170 8
  137  167 8
  138  171 8
  140  169 8
  138  168 8
  140  171 8
  141  170 8
  145  170 8
  148  170 8
  152  171 8
  156  170 8
  144  172 8
  142  171 8
  145  172 8
  152  171 8
  155  172 8
  157  171 8
  150  172 8
  148  172 8
  149  172 8
  155  171 8
  158  168 8
  159  169 8
  163  165 8
  163  164 8
  159  168 8
  157  171 8
  155  172 8
  153  172 8
  148  172 8
  144  171 8
  140  170 8
  144  172 8
  149  173 8
  153  173 8
  154  173 8
  159  172 8
  160  172 8
  163  169 8
  163  168 8
  162  169 8
  159  174 8
  155  174 8
  155  174 8
  149  173 8
  146  173 8
  117  173 8
  119  170 8
  120  170 8
  115  172 8
  112  172 8
  109  172 8
  112  171 8
  116  169 8
  118  167 8
  112  169 8
  108  170 8
  104  171 8
  107  170 8
  115  169 8
  112  171 8
  106  170 8
  101  169 8
  97  168 8
  95  166 8
  96  165 8
  103  169 8
  105  171 8
  110  171 8
  151  165 8
  153  165 8
  156  164 8
  159  163 8
  161  160 8
  160  161 8
  156  165 8
  151  166 8
  148  167 8
  145  166 8
  141  165 8
  139  164 8
  137  162 8
  151  164 8
  151  162 8
  147  162 8
  149  164 8
  151  163 8
  151  161 8
  148  163 8
  148  164 8
  113  163 8
  111  161 8
  109  162 8
  112  161 8
  111  160 8
  106  162 8
  112  161 8
  110  159 8
  108  163 8
  113  161 8
  116  162 8
  113  164 8
  108  163 8
  104  162 8
  101  160 8
  100  158 8
  116  155 8
  112  152 8
  107  152 8
  105  152 8
  100  155 8
  145  157 8
  147  155 8
  151  155 8
  155  154 8
  155  155 8
  155  160 8
  149  159 8
  146  159 8
  143  159 8
  142  159 8
  116  158 8
  112  158 8
  109  157 8
  106  157 8
  104  157 8
  103  158 8
  124  153 8
  124  147 8
  123  145 8
  122  141 8
  121  149 8
  118  143 8
  135  152 8
  138  147 8
  139  145 8
  142  142 8
  142  142 8
  144  135 8
  145  132 8
  147  130 8
  149  128 8
  116  128 8
  111  125 8
  109  123 8
  105  123 8
  98  129 8
  103  123 8
  97  123 8
  88  134 8
  93  126 8
  92  121 8
  91  146 8
  173  139 8
  173  133 8
  170  130 8
  168  130 8
  174  125 8
  166  126 8
  161  126 8
  159  126 8
  173  136 8
  173  131 8
  173  129 8
  174  123 8
  173  121 8
  173  118 8
  173  113 8
  172  110 8
  170  107 8
  169  104 8
  167  101 8
  165  98 8
  163  95 8
  160  93 8
  157  91 8
  154  88 8
  151  85 8
  148  84 8
  145  83 8
  142  81 8
  137  80 8
  133  80 8
  129  80 8
  125  79 8
  122  79 8
  117  81 8
  114  83 8
  111  85 8
  110  89 8
  107  93 8
  106  93 8
  101  96 8
  97  99 8
  93  105 8
  94  117 8
  99  106 8
  101  102 8
  106  99 8
  135  99 8
  127  98 8
  125  99 8
  133  100 8
  133  100 8
  126  102 8
  124  103 8
  126  104 8
  134  104 8
  135  105 8
  138  105 8
  130  102 8
  130  100 8
  130  99 8
  148  113 8
  145  113 8
  143  113 8
  140  114 8
  138  114 8
  135  115 8
  138  113 8
  138  112 8
  133  114 8
  134  113 8
  130  113 8
  127  113 8
  125  114 8
  130  113 8
  126  114 8
  120  114 8
  120  114 8
  122  116 8
  126  114 8
  116  114 8
  113  114 8
  114  115 8
  121  114 8
  113  114 8
  111  115 8
  111  116 8
  113  116 8
  114  117 8
  108  116 8
  113  116 8
  115  116 8
  119  116 8
  142  114 8
  143  114 8
  148  114 8
  144  117 8
  140  117 8
  152  113 8
  168  117 8
  167  111 8
  163  112 8
  166  107 8
  163  103 8
  157  104 8
  155  97 8
  147  103 8
  151  97 8
  149  94 8
  158  98 8
  159  97 8
  144  99 8
  139  101 8
  150  105 8
  167  111 8
  170  123 8
  164  123 8
  115  100 8
  122  99 8
  95  112 8
  102  106 8
  109  104 8
  110  97 8
  112  95 8
  128  85 8
  129  84 8
  131  82 8
  132  81 8
  122  83 8
  119  81 8
  161  88 8
  160  83 8
  158  80 8
  156  76 8
  153  72 8
  152  66 8
  149  63 8
  146  59 8
  143  55 8
  138  52 8
  135  50 8
  134  47 8
  129  50 8
  126  50 8
  121  55 8
  117  60 8
  113  64 8
  110  68 8
  107  71 8
  102  76 8
  97  82 8
  94  87 8
  94  92 8
  96  93 8
  99  91 8
  103  87 8
  107  85 8
  111  81 8
  117  77 8
  115  77 8
  128  70 8
  125  74 8
  132  68 8
  135  55 8
  131  63 8
  130  70 8
  135  70 8
  142  63 8
  135  72 8
  140  70 8
  145  69 8
  144  74 8
  140  78 8
  145  76 8
  147  79 8
  151  83 8
  155  83 8
  157  84 8
  154  76 8
  150  73 8
  147  70 8
  146  73 8
  157  85 8
  160  86 8
  147  77 8
  145  72 8
  136  74 8
  137  73 8
  132  76 8
  149  75 8
  154  79 8
  144  67 8
  140  65 8
  136  66 8
  139  61 8
  131  62 8
  131  58 8
  128  53 8
  125  66 8
  120  70 8
  127  61 8
  124  57 8
  122  58 8
  112  74 8
  123  73 8
  116  71 8
  120  66 8
  104  84 8
  107  74 8
  167  77 8
  166  71 8
  165  67 8
  164  63 8
  162  60 8
  160  57 8
  158  55 8
  156  51 8
  154  49 8
  152  44 8
  149  41 8
  147  37 8
  145  35 8
  143  29 8
  87  79 8
  90  75 8
  91  73 8
  92  69 8
  93  67 8
  94  65 8
  97  61 8
  97  58 8
  100  55 8
  100  53 8
  101  50 8
  103  46 8
  103  42 8
  103  39 8
  100  35 8
  100  32 8
  99  30 8
  102  27 8
  103  24 8
  106  21 8
  109  18 8
  112  15 8
  115  12 8
  116  10 8
  119  7 8
  120  4 8
  121  2 8
  121  2 8
  143  24 8
  139  22 8
  134  18 8
  131  15 8
  129  13 8
  128  8 8
  127  5 8
  125  3 8
  124  1 8
  92  181 8
  93  175 8
  92  172 8
  163  184 8
  164  178 8
  162  175 8
  157  204 8
  163  195 8
  172  156 8
  169  152 8
0
0