74
10 10 159
100 100 159
200 200 159
210 210 159
117 193 146
174 12 145
136 14 142
18 98 141
84 188 134
251 63 132
226 162 130
122 196 129
43 92 128
129 231 126
126 252 125
19 242 124
234 71 123
13 240 122
176 5 120
131 90 116
120 138 113
146 40 112
128 137 111
34 183 107
106 1 106
81 47 104
38 128 101
105 251 98
246 119 96
161 82 95
52 100 92
105 242 90
94 19 88
117 200 87
238 207 86
232 174 85
162 243 81
132 138 77
224 148 76
134 226 72
125 182 71
253 115 67
132 81 66
206 120 65
40 255 64
186 198 62
174 175 61
161 195 58
100 21 57
73 177 55
3 50 53
46 154 50
66 252 49
162 56 48
30 179 43
220 124 39
135 35 37
95 67 35
99 122 34
65 95 33
169 132 28
88 171 26
164 70 24
6 209 20
192 149 18
21 127 15
133 150 12
160 99 10
95 209 8
27 3 7
41 19 5
122 13 4
213 73 2
252 15 0
5
150 100 1'000 7 1 0 0 3
0 28
1 28
0.5 12
40 120 500 77 1 0 0 4
1.56 28
2.56 28
1 28
0.5 12
160 180 200 777 1 0 0 5
-1.5 28
-0.56 28
0 28
0.5 28
0.9 12
30 220 1'300 7'777 1 0 0 6
0 28
-2 28
-1 28
-0.5 28
1 28
0 12
20 30 100 77'777 1 0 0 7
0 28
0.45 28
0 28
0.5 28
0 28
-0.3 28
0 26
4
200 200 1 3 0 0
100 200 1 4 0 0
200 100 1 5 0 0
100 100 1 6 0 0
